#t/s	p=0,5 mbar			    p=10mbar	p=50mbar	p=100mbar
10	    0.55	0.55	0.54	14.9	    69.9	    128
20	    0.62	0.62	0.62	17.4	    85.7	    161.7
30	    0.65	0.65	0.64	19.8	    101.7	    192.3
40	    0.67	0.67	0.66	22.3	    117.6	    221.5
50	    0.7	  0.7	  0.68	24.7	    133.4	    252.2
60	    0.72	0.72	0.71	27.4	    149.3	    282.8
70	    0.75	0.75	0.73	29.7	    165.2	    313.4
80	    0.78	0.78	0.75	32.1	    181	      344
90	    0.8	  0.8	  0.77	34.6	    196.9	    374.4
100	    0.83	0.82	0.8	  37.1	    211.9	    404.8
110	    0.85	0.85	0.82	39.6	    227.9	    435
120	    0.88	0.87	0.84	42	      243.7     465.1
130	    0.9	  0.89	0.86	44.6	    259.7	    494.8
140	    0.92	0.92	0.88	47	      275.5	    524.4
150	    0.94	0.94	0.9	  49.8	    293      553.5
160	    0.96	0.96	0.92	51.9	    307.5	    582.2
170	    0.98	0.98	0.94	54.4	    324.7	    610.4
180	    1    1	    0.96	56.9	    339.2	    638
190	    1    1	    0.98	59.3	    355.1	    664.8
200	    1.1	  1.1 	0.99	61.8	    370.9	    691.2
